-3.1048
-3.0096
-2.9189
-2.8334
-2.7528
-2.6767
-2.6048
-2.5367
-2.4721
-2.4108
-2.3527
-2.2976
-2.2454
-2.1959
-2.149
-2.1047
-2.0628
-2.0233
-1.9857
-1.9497
-1.9151
-1.8816
-1.849
-1.8173
-1.7861
-1.7555
-1.7253
-1.6955
-1.6661
-1.6372
-1.6087
-1.5807
-1.5532
-1.5261
-1.4994
-1.4733
-1.4478
-1.4229
-1.3986
-1.3751
-1.3523
-1.3302
-1.309
-1.2885
-1.2687
-1.2496
-1.2311
-1.2132
-1.196
-1.1793
-1.1632
-1.1475
-1.1323
-1.1174
-1.1028
-1.0885
-1.0744
-1.0604
-1.0467
-1.033
-1.0193
-1.0057
-0.99214
-0.97855
-0.96493
-0.95126
-0.93751
-0.92367
-0.90978
-0.89587
-0.88197
-0.86811
-0.85432
-0.84064
-0.82708
-0.81367
-0.8004
-0.78724
-0.77418
-0.76121
-0.74832
-0.73548
-0.72269
-0.70993
-0.69717
-0.68439
-0.67155
-0.65863
-0.64559
-0.63242
-0.61909
-0.60557
-0.59187
-0.578
-0.56395
-0.54973
-0.53533
-0.52077
-0.50605
-0.49116
-0.47611
-0.46089
-0.44549
-0.4299
-0.41412
-0.39813
-0.38192
-0.3655
-0.34884
-0.33198
-0.31493
-0.29771
-0.28033
-0.26282
-0.24518
-0.22745
-0.20962
-0.19174
-0.17383
-0.15593
-0.13806
-0.12026
-0.10255
-0.08496
-0.067511
-0.05019
-0.032978
-0.01586
-9.8518e-09
0.014812
0.028792
0.042163
0.055155
0.068007
0.080746
0.093404
0.10601
0.1186
0.1312
0.14384
0.15657
0.16941
0.18237
0.19542
0.20855
0.22176
0.23503
0.24835
0.26171
0.27508
0.28845
0.30178
0.31504
0.32819
0.3412
0.35403
0.36666
0.37902
0.39115
0.40307
0.41479
0.42634
0.43773
0.449
0.46015
0.47123
0.48226
0.49325
0.50426
0.51531
0.52643
0.53767
0.54905
0.56062
0.57243
0.58442
0.59656
0.60879
0.62107
0.63335
0.64557
0.65767
0.66959
0.68132
0.69284
0.70414
0.71518
0.72597
0.73646
0.74666
0.75652
0.76604
0.77522
0.78403
0.79247
0.80052
0.80818
0.81541
0.82222
0.82864
0.8347
0.84045
0.84594
0.8512
0.8563
0.86129
0.86622
0.87118
0.87619
0.88127
0.88647
0.89183
0.89739
0.90319
0.90929
0.91573
0.9225
0.92957
0.93691
0.94449
0.95227
0.9602
0.96825
0.97636
0.98451
0.9927
1.0009
1.0091
1.0173
1.0255
1.0336
1.0416
1.0497
1.058
1.0666
1.0758
1.0858
1.0969
1.1094
1.1238
1.1406
1.1601
1.1825
1.2083
1.2379
1.272
1.3112
1.3566
1.4094
1.4703
1.5401
1.6194
1.7091
1.8096
1.9197
2.0298
