-4.201
-4.1116
-4.0223
-3.9329
-3.8436
-3.7542
-3.6649
-3.5758
-3.4869
-3.3983
-3.3105
-3.2239
-3.1389
-3.0556
-2.9743
-2.8952
-2.8184
-2.7441
-2.6721
-2.6025
-2.5353
-2.4703
-2.4076
-2.3471
-2.2888
-2.2326
-2.1784
-2.1263
-2.076
-2.0277
-1.9813
-1.9366
-1.8937
-1.8524
-1.8128
-1.7747
-1.738
-1.7028
-1.6689
-1.6362
-1.6046
-1.5742
-1.5446
-1.5159
-1.4878
-1.4602
-1.433
-1.4061
-1.3795
-1.3532
-1.3271
-1.3012
-1.2757
-1.2505
-1.2257
-1.2011
-1.1769
-1.1528
-1.1289
-1.1052
-1.0816
-1.0583
-1.0352
-1.0123
-0.98981
-0.96764
-0.94587
-0.92449
-0.90352
-0.88292
-0.86271
-0.84289
-0.82347
-0.80444
-0.78582
-0.76759
-0.74973
-0.73221
-0.71502
-0.69815
-0.68157
-0.66527
-0.64924
-0.63346
-0.61793
-0.60264
-0.58759
-0.57276
-0.55813
-0.54368
-0.52939
-0.51523
-0.50116
-0.48713
-0.47311
-0.4591
-0.44508
-0.43105
-0.417
-0.40293
-0.38882
-0.37467
-0.36046
-0.34623
-0.332
-0.3178
-0.30366
-0.28958
-0.27556
-0.2616
-0.2477
-0.23386
-0.22005
-0.20627
-0.19249
-0.17871
-0.16491
-0.15108
-0.13719
-0.12328
-0.10939
-0.095528
-0.081737
-0.068002
-0.054313
-0.04066
-0.027033
-0.013425
2.8272e-09
0.013356
0.026759
0.040328
0.054111
0.068155
0.08251
0.097226
0.11231
0.12775
0.14357
0.15976
0.17629
0.19312
0.21022
0.22754
0.24504
0.26265
0.28029
0.29792
0.31548
0.33296
0.35032
0.36753
0.38458
0.40145
0.41815
0.43466
0.45092
0.46689
0.48251
0.49772
0.51255
0.52704
0.54122
0.55513
0.56881
0.58228
0.59559
0.60876
0.62186
0.63491
0.64797
0.66109
0.67422
0.68731
0.70033
0.71323
0.72602
0.73875
0.75144
0.76411
0.77676
0.78937
0.80191
0.81438
0.82677
0.8391
0.85137
0.8636
0.8758
0.88796
0.90011
0.91226
0.92438
0.93647
0.94851
0.96049
0.9724
0.98425
0.99602
1.0077
1.0194
1.0309
1.0425
1.054
1.0655
1.0769
1.0884
1.0999
1.1114
1.1229
1.1344
1.1459
1.1574
1.1689
1.1803
1.1917
1.2029
1.214
1.2249
1.2356
1.2461
1.2564
1.2664
1.2763
1.2861
1.2958
1.3054
1.3152
1.3251
1.3351
1.3453
1.3557
1.3663
1.3773
1.3888
1.401
1.4142
1.4287
1.4447
1.4628
1.4833
1.5066
1.5334
1.5641
1.5996
1.6406
1.6879
1.7425
1.8061
1.8796
1.9643
2.0618
2.1743
2.3024
2.4445
2.5866
