-3.109
-3.0278
-2.9497
-2.8752
-2.8041
-2.7362
-2.6713
-2.609
-2.5491
-2.4916
-2.4363
-2.3833
-2.3324
-2.2837
-2.237
-2.1922
-2.1494
-2.1084
-2.069
-2.0311
-1.9943
-1.9587
-1.924
-1.8902
-1.8572
-1.8248
-1.793
-1.7619
-1.7313
-1.7013
-1.6718
-1.6429
-1.6146
-1.5868
-1.5594
-1.5326
-1.5063
-1.4804
-1.455
-1.43
-1.4054
-1.3812
-1.3574
-1.334
-1.311
-1.2884
-1.2662
-1.2444
-1.2229
-1.2019
-1.1813
-1.1611
-1.1412
-1.1216
-1.1023
-1.0832
-1.0645
-1.0459
-1.0276
-1.0094
-0.99146
-0.9737
-0.95612
-0.93874
-0.92154
-0.90454
-0.88773
-0.87111
-0.85471
-0.83852
-0.82258
-0.8069
-0.79149
-0.77637
-0.76154
-0.74703
-0.73278
-0.71875
-0.7049
-0.69119
-0.67759
-0.66406
-0.65056
-0.63706
-0.62359
-0.61015
-0.59677
-0.58346
-0.57023
-0.55711
-0.5441
-0.53122
-0.51844
-0.50574
-0.49309
-0.48048
-0.46789
-0.45528
-0.44265
-0.42998
-0.41724
-0.40441
-0.39147
-0.37839
-0.36514
-0.3517
-0.33805
-0.32417
-0.31004
-0.29567
-0.28108
-0.26629
-0.25131
-0.23616
-0.22086
-0.20541
-0.18983
-0.17415
-0.15838
-0.14254
-0.12666
-0.11076
-0.09484
-0.078935
-0.063057
-0.047204
-0.031372
-0.015559
-4.4187e-10
0.015342
0.030505
0.045527
0.06045
0.075314
0.090131
0.10491
0.11966
0.1344
0.14913
0.16387
0.17864
0.19343
0.20823
0.223
0.2377
0.2523
0.26678
0.28108
0.29517
0.30901
0.32262
0.33603
0.34925
0.3623
0.37522
0.38803
0.40076
0.41342
0.42604
0.43861
0.45115
0.46367
0.47618
0.48869
0.50121
0.51376
0.52633
0.53894
0.55156
0.5642
0.57684
0.58948
0.6021
0.6147
0.62726
0.6398
0.65233
0.66487
0.67742
0.69
0.70263
0.71532
0.72809
0.74091
0.75376
0.7666
0.77939
0.79212
0.80473
0.8172
0.82948
0.84157
0.85349
0.86524
0.87683
0.88826
0.89955
0.91069
0.92171
0.93264
0.94351
0.95438
0.96529
0.9763
0.98744
0.9988
1.0104
1.0224
1.0346
1.0471
1.0598
1.0727
1.0857
1.0986
1.1116
1.1245
1.1372
1.15
1.1627
1.1756
1.1885
1.2016
1.2149
1.2285
1.2424
1.2566
1.271
1.2857
1.3005
1.3156
1.3308
1.3462
1.3617
1.3778
1.3944
1.4119
1.4306
1.4507
1.4726
1.497
1.5242
1.5546
1.5887
1.6269
1.6696
1.7178
1.7722
1.834
1.9047
1.9852
2.0763
2.1789
2.2939
2.422
2.5615
2.7011
